df := DataFrame fromColumns: #(
   (110 197 100 178 182 187 108 140 126 180 143 191)
   (169 175 145 108 123 192 115 183 154 200 107 144)
   (182 191 112 192 163 109 128 155 196 197 115 198)
   (196 149 180 114 142 192 180 196 166 103 185 194)
   (168 176 175 139 166 117 171 103 127 104 109 183)
   (170 132 195 103 144 138 177 180 118 149 145 165)
   (171 176 127 168 166 116 112 150 196 134 159 122)
   (175 125 151 170 189 196 155 114 115 126 184 125)
   (182 124 193 135 119 125 162 147 135 183 159 155)
   (192 128 176 176 138 157 107 105 153 178 194 113)
   (157 147 101 134 116 180 131 153 116 160 126 166)).
   
df columnNames: #(January February March April May June July August September October November December).
df rowNames: #(2008 2009 2010 2011 2012 2013 2014 2015 2016 2017 2018).
